eval_accuracy = 0.99473494
eval_loss = 0.032984875
global_step = 5020
loss = 0.03484184
precision = 0.9177215
recall = 0.9235669
